15.0 0.003489837283268571 0.11887472867965698 0.006979674566537142 0.23774945735931396
15.0 0.20995433628559113 0.05195660889148712 0.41990867257118225 0.10391321778297424
18.0 0.6328060626983643 0.027962608262896538 0.3457421064376831 0.055925216525793076
15.0 0.06004207581281662 0.6776860356330872 0.12008415162563324 0.6446279287338257
15.0 0.2967795133590698 0.6107679009437561 0.4724672734737396 0.7784641981124878
18.0 0.6845701336860657 0.24536681175231934 0.3457421064376831 0.49073362350463867
18.0 0.721521258354187 0.6728193759918213 0.37821272015571594 0.5071726441383362
18.0 0.9420362114906311 0.18502101302146912 0.11592751741409302 0.37004202604293823
18.0 0.9659129977226257 0.5433644652366638 0.06817404925823212 0.5071726441383362
18.0 0.7758735418319702 0.937890887260437 0.37821272015571594 0.1242181807756424
18.0 0.9930891394615173 0.8731634616851807 0.013821779750287533 0.2536730468273163
