3.0 0.8869715332984924 0.019140120595693588 0.22605690360069275 0.038280241191387177
1.0 0.006413576193153858 0.7181639075279236 0.012827152386307716 0.2707635164260864
1.0 0.0525977723300457 0.36511796712875366 0.1051955446600914 0.2322334349155426
3.0 0.052709780633449554 0.07665512710809708 0.10541956126689911 0.07811339199542999
3.0 0.6426308155059814 0.9069847464561462 0.21563631296157837 0.11121924966573715
1.0 0.23425962030887604 0.8064758777618408 0.3935149312019348 0.2707635164260864
3.0 0.23832213878631592 0.8100093603134155 0.23246216773986816 0.15074078738689423
1.0 0.35092687606811523 0.4564986824989319 0.3739806115627289 0.2322334349155426
3.0 0.8278107047080994 0.22629643976688385 0.2900712490081787 0.20982153713703156
3.0 0.41355231404304504 0.15576079487800598 0.1329241544008255 0.07811339199542999
3.0 0.95308917760849 0.9648994207382202 0.0938216969370842 0.07020114362239838
