5.0 0.21086402237415314 0.6505593061447144 0.18735839426517487 0.10017023980617523
4.0 0.17870859801769257 0.9084956645965576 0.28885865211486816 0.18300868570804596
4.0 0.4952644407749176 0.7314005494117737 0.21632784605026245 0.14895494282245636
4.0 0.3586062490940094 0.6674975156784058 0.178993821144104 0.10685298591852188
4.0 0.41606876254081726 0.5737026333808899 0.14566083252429962 0.08474339544773102
4.0 0.587403416633606 0.509769856929779 0.1423715353012085 0.0712803453207016
4.0 0.9226025938987732 0.374613881111145 0.11815361678600311 0.06602247059345245
4.0 0.9370025396347046 0.6199342012405396 0.12599493563175201 0.13383592665195465
0.0 0.8615662455558777 0.7932328581809998 0.27686750888824463 0.22404858469963074
0.0 0.8736826777458191 0.9515975117683411 0.2526346743106842 0.09680493921041489
