5.0 0.768917977809906 0.5853524208068848 0.21049758791923523 0.12852424383163452
4.0 0.7931534647941589 0.8944060206413269 0.3271956443786621 0.2111879587173462
4.0 0.4473370909690857 0.6779382824897766 0.24454385042190552 0.18940596282482147
4.0 0.6029369235038757 0.6024404168128967 0.2016020566225052 0.13652504980564117
4.0 0.5426908135414124 0.48486223816871643 0.16395938396453857 0.10837766528129578
4.0 0.35379335284233093 0.4012534022331238 0.15973688662052155 0.0917055606842041
4.0 0.025552034378051758 0.22520959377288818 0.051104068756103516 0.08456402271986008
4.0 0.015004978515207767 0.5280181169509888 0.030009957030415535 0.16913948953151703
0.0 0.09604865312576294 0.7447052001953125 0.19209730625152588 0.28386977314949036
4.0 0.996620237827301 0.9427495002746582 0.006759547162801027 0.11450096219778061
0.0 0.07773034274578094 0.938422441482544 0.1554606854915619 0.12315516918897629
