5.0 0.6544229984283447 0.6470000147819519 0.14242899417877197 0.03799998760223389
5.0 0.7241380214691162 0.5979999899864197 0.15592199563980103 0.04799997806549072
5.0 0.4287859797477722 0.628000020980835 0.1349329948425293 0.04000002145767212
5.0 0.4302849769592285 0.5490000247955322 0.19490301609039307 0.07400000095367432
5.0 0.22039002180099487 0.6360000371932983 0.1589210033416748 0.05199998617172241
5.0 0.2511240243911743 0.6909999847412109 0.10045003890991211 0.0339999794960022
5.0 0.7413790225982666 0.24400001764297485 0.14542698860168457 0.12000000476837158
5.0 0.14692699909210205 0.2279999852180481 0.17990994453430176 0.11600005626678467
5.0 0.2158920168876648 0.43300002813339233 0.11694204807281494 0.05799996852874756
5.0 0.4745129942893982 0.29500001668930054 0.4482760429382324 0.3819999694824219
