5.0 0.3831952214241028 0.346905380487442 0.05746745690703392 0.1677343249320984
5.0 0.41279301047325134 0.2625918686389923 0.06837692111730576 0.18409036099910736
5.0 0.4390532672405243 0.606867790222168 0.057858698070049286 0.159197598695755
5.0 0.5062514543533325 0.5993826389312744 0.09742645919322968 0.2311323583126068
5.0 0.4688264727592468 0.8488254547119141 0.07231947034597397 0.187855064868927
5.0 0.41646116971969604 0.8172301054000854 0.046678077429533005 0.1188209280371666
5.0 0.712060272693634 0.2168612778186798 0.1280173659324646 0.17717401683330536
5.0 0.8301388621330261 0.8979060649871826 0.1306585669517517 0.20418789982795715
5.0 0.6429668664932251 0.8392627239227295 0.07006951421499252 0.13966938853263855
5.0 0.7153842449188232 0.5296713709831238 0.4049457311630249 0.5470163822174072
